0
1
2
3
4
5
6
7
8
9
10
11
12
13
14
15
1
1
3
3
5
5
7
7
9
9
11
11
13
13
15
15
2
3
2
3
6
7
6
7
10
11
10
11
14
15
14
15
3
3
3
3
7
7
7
7
11
11
11
11
15
15
15
15
4
5
6
7
4
5
6
7
12
13
14
15
12
13
14
15
5
5
7
7
5
5
7
7
13
13
15
15
13
13
15
15
6
7
6
7
6
7
6
7
14
15
14
15
14
15
14
15
7
7
7
7
7
7
7
7
15
15
15
15
15
15
15
15
8
9
10
11
12
13
14
15
8
9
10
11
12
13
14
15
9
9
11
11
13
13
15
15
9
9
11
11
13
13
15
15
10
11
10
11
14
15
14
15
10
11
10
11
14
15
14
15
11
11
11
11
15
15
15
15
11
11
11
11
15
15
15
15
12
13
14
15
12
13
14
15
12
13
14
15
12
13
14
15
13
13
15
15
13
13
15
15
13
13
15
15
13
13
15
15
14
15
14
15
14
15
14
15
14
15
14
15
14
15
14
15
15
15
15
15
15
15
15
15
15
15
15
15
15
15
15
15